Ronaldo 39 1216 859 35
Kaka 41 654 185 14
Neymar 32 636 436 31
Messi 37 1049 823 44
Romário 58 918 772 24
Bebeto 60 725 255 10
Maradona 60 588 312 11
Pelé 82 812 767 37
Zico 71 769 527 14
Beckenbauer 78 754 88 20
Rivaldo 52 810 352 19
Fenômeno 47 518 352 18
VanBasten 59 373 277 20
Garrincha 49 614 245 12
Zidane 52 789 125 15
Raul 46 1044 435 23
Suker 56 448 203 8
Bruxo 44 820 313 18
Cafu 54 719 16 21
Platini 69 652 312 11
GeorgeBest 59 579 205 12
Cruyff 68 711 293 23
Laudrup 59 757 162 15
Puskás 79 704 616 23
Müller 75 793 735 19
Maldini 55 1028 40 26
Baggio 56 643 291 9
Henry 46 915 411 22
Iniesta 39 923 92 35
Xavi 44 987 85 33
Matthäus 62 782 204 21
Gullit 61 533 175 12